10530.94747950749
10530.972600075102
10530.635474959223
10530.635474959223
10527.893275059232
10525.152075159242
10525.152075159242
10525.48920027512
10525.515520842731
10525.85324595861
10525.274564461324
10524.936839345446
10524.358357848161
10524.33203728055
10520.01093185884
10519.673806742961
10516.933606842971
10512.61410142126
10515.354301321253
10515.354301321253
10515.354301321253
10515.932782818536
10513.192582918547
10513.218903486159
10512.882378370281
10512.303896872994
10507.985991451285
10507.985991451285
10508.013512018895
10507.677586903015
10507.650066335405
10504.910866435415
10504.575541319538
10501.837341419548
10501.864861987158
10501.837341419548
10501.50261630367
10498.76541640368
10499.100141519559
10499.127662087169
10496.391462187177
10495.813180689893
10495.235099192607
10495.813180689893
10495.235099192607
10495.26381976022
10495.26381976022
10495.235099192607
10497.971299092598
10498.306624208475
10493.990318786764
10493.41243728948
10493.41243728948
10493.441157857093
10493.471078424704
10492.893396927419
10492.893396927419
10490.157197027427
10490.734878524712
10490.734878524712
10490.157197027427
10487.421997127436
10487.08667201156
10487.421997127436
10487.453117695048
10483.13841227334
10483.716093770625
10484.052018886505
10483.47433738922
10484.052018886505
10484.052018886505
10483.716093770625
10483.380768654748
10483.716093770625
10484.293975267909
10481.55977536792
10481.224450252043
10478.491250352054
10478.156525236174
10478.734606733458
10478.156525236174
10475.424325336184
10475.090200220306
10472.359000320315
10472.359000320315
10472.359000320315
10472.359000320315
10472.359000320315
10472.937081817601
10472.603556701722
10472.603556701722
10472.603556701722
10472.603556701722
10468.290451280012
10467.712369782728
10467.37944466685
10467.34832409924
10467.926405596523
10465.196205696533
10465.77448719382
10466.352968691104
10466.020643575224
10466.352968691104
10466.020643575224
10465.44216207794
10464.863880580653
10464.833960013042
10464.80523944543
10462.07603954544
10461.744314429563
10462.32259592685
10462.901077424132
10462.32259592685
10462.32259592685
10461.99147081097
10466.304576232678
10466.635701348558
10466.967426464435
10462.654321042726
10463.23280254001
10462.901077424132
10462.569952308253
10463.148633805538
10463.121113237929
10462.79058812205
10462.79058812205
10460.06238822206
10460.392913337939
10456.08140791623
10456.08140791623
10455.750882800352
10455.750882800352
10451.440977378643
10454.169177278633
10454.142856711022
10453.564175213736
10450.835975313747
10450.835975313747
10446.527669892035
10446.527669892035
10446.553990459646
10446.581511027256
10447.160192524541
10446.830267408663
10447.409148905948
10444.681949005959
10445.011874121838
10440.705168700128
10441.035693816006
10441.035693816006
10440.705168700128
10440.12628720284
10437.40008730285
10434.674887402862
10435.253768900146
10435.832850397432
10431.527744975721
10431.527744975721
10431.527744975721
10431.527744975721
10431.500224408112
10431.527744975721
10428.803545075732
10426.080345175742
10425.501263678458
10421.197758256747
10420.618876759463
10420.288951643584
10420.618876759463
10420.288951643584
10420.867833140868
10420.840312573258
10420.867833140868
10420.288951643584
10415.987046221873
10416.015766789485
10415.4370852922
10415.767010408079
10416.097535523957
10411.797230102247
10411.827150669858
10412.405832167144
10412.075307051266
10412.075307051266
10412.405832167144
10412.736957283023
10412.736957283023
10412.405832167144
10412.075307051266
10409.353107151275
10409.023182035397
10409.353107151275
10409.353107151275
10409.353107151275
10409.353107151275
10409.683632267153
10409.683632267153
10409.683632267153
10409.104950769868
10409.075030202257
10409.653711699542
10409.984836815422
10409.984836815422
10409.984836815422
10409.95611624781
10409.984836815422
10409.984836815422
10409.984836815422
10407.263636915432
10404.543437015442
10401.82423711545
10401.854157683061
10406.154463104773
10405.575781607487
10405.575781607487
10404.9973001102
10402.279100210211
10401.947975094332
10401.91805452672
10399.200854626732
10399.531979742611
10399.863704858488
10399.863704858488
10399.531979742611
10399.200854626732
10399.230775194343
10394.930469772631
10394.930469772631
10394.599944656753
10394.631065224365
10394.961590340243
10394.961590340243
10395.292715456122
10395.26159488851
10395.292715456122
10395.26159488851
10395.26159488851
10395.593320004387
10391.294614582679
10391.626939698559
10391.048658201275
10391.079778768886
10391.048658201275
10391.048658201275
10390.470576703989
10390.803501819866
10386.506396398156
10386.173471282278
10388.890671182267
10386.173471282278
10386.173471282278
10385.841146166398
10385.263264669113
10389.560370090823
10385.263264669113
10385.263264669113
10385.294385236724
10385.326705804335
10385.294385236724
10384.962660120847
10382.246460220857
10377.950954799147
10377.919834231536
10377.34215273425
10377.34215273425
10377.373273301862
10377.950954799147
10373.657049377438
10373.657049377438
10373.689369945048
10373.689369945048
10373.111688447763
10368.819383026053
10364.528677604343
10364.528677604343
10364.197552488464
10364.197552488464
10364.528677604343
10364.86040272022
10362.145202820231
10361.813477704354
10361.813477704354
10361.846998271965
10361.881718839577
10361.304237342292
10361.304237342292
10360.973112226413
10360.938391658801
10361.515873156086
10361.550593723698
10361.586514291308
10361.62363485892
10361.954759974798
10362.532441472084
10358.243336050375
10358.821217547658
10358.784096980047
10358.452971864168
10355.73877196418
10355.73877196418
10355.73877196418
10355.77589253179
10355.814213099402
10355.853733667012
10355.853733667012
10356.184858782892
10356.184858782892
10356.184858782892
10356.762940280176
10352.475434858467
10352.807159974343
10352.807159974343
10353.38544147163
10353.34592090402
10350.632721004029
10350.632721004029
10350.054439506743
10347.342239606753
10347.342239606753
10347.303919039141
10346.972193923264
10346.641068807385
10346.310543691507
10342.024638269797
10341.987517702186
10341.987517702186
10341.987517702186
10341.657592586307
10341.657592586307
10341.621672018697
10341.04359052141
10341.37351563729
10338.6623157373
10338.084434240016
10333.800128818306
10329.517423396595
10332.228623296585
10331.6509417993
10331.073460302016
10330.49617880473
10331.073460302016
10326.792354880306
10326.462429764428
10330.743535186137
10328.032335286145
10328.362260402024
10328.692785517902
10329.270267015188
10329.270267015188
10326.560067115199
10326.59598768281
10326.63310825042
10326.9642333663
10326.9642333663
10327.541914863585
10327.504794295974
10327.468873728363
10327.434153160752
10327.103028044872
10322.821922623163
10322.244241125878
10319.535041225889
10319.535041225889
10315.255535804177
10312.547335904186
10308.269430482476
10308.235909914865
10308.235909914865
10308.235909914865
10308.81359141215
10309.391472909438
10309.424993477049
10306.717793577058
10306.75251414467
10306.421989028791
10306.421989028791
10303.7157891288
10303.385864012922
10302.807982515638
10300.102782615646
10300.102782615646
10299.773457499768
10299.444732383889
10299.480652951499
10299.809378067379
10300.138703183256
10300.138703183256
10299.809378067379
10295.53307264567
10295.53307264567
10292.82887274568
10292.251191248395
10291.922466132515
10292.251191248395
10287.976485826684
10283.703380404975
10284.28106190226
10284.24514133465
10286.94934123464
10286.914620667028
10286.914620667028
10286.914620667028
10287.243945782906
10287.243945782906
10287.210425215295
10284.506225315305
10283.92854381802
10279.65703839631
10279.6247178287
10279.6247178287
10279.6247178287
10279.6247178287
10275.35481240699
10272.651612507
10272.68393307461
10269.98173317462
10267.28053327463
10271.55043869634
10271.880363812219
10271.848043244609
10271.880363812219
10267.610458390509
10267.610458390509
10267.578137822898
10267.547017255287
10263.278711833578
10263.609236949456
10263.609236949456
10263.609236949456
10263.640357517068
10263.609236949456
10263.278711833578
10263.609236949456
10263.940362065336
10264.272087181213
10264.604412297092
10264.604412297092
10261.904212397101
10261.935332964713
10261.967653532323
10261.967653532323
10261.390172035037
10261.057846919157
10261.390172035037
10260.812890537753
10263.513090437744
10262.936008940458
10262.936008940458
10262.96952950807
10262.96952950807
10258.702824086358
10258.702824086358
10258.73754465397
10259.314626151256
10259.350546718866
10259.350546718866
10259.018221602986
10258.4411401057
10258.4411401057
10258.109414989824
10258.073494422213
10255.373294522224
10251.108189100514
10251.108189100514
10253.808389000504
10253.808389000504
10253.231507503218
10255.93270740321
10255.356025905923
10255.93270740321
10255.93270740321
10256.509588900493
10256.474868332882
10256.474868332882
10256.509588900493
10256.84131401637
10256.509588900493
10252.246083478783
10247.984178057075
10247.40729655979
10246.830615062505
10246.254133565219
10246.254133565219
10246.290054132829
10246.32717470044
10245.750893203156
10245.750893203156
10245.419768087277
10248.121967987265
10247.791442871387
10243.531137449676
10243.531137449676
10243.861662565554
10243.285581068269
10243.285581068269
10239.026875646561
10239.026875646561
10239.026875646561
10234.76977022485
10234.439245108972
10231.737045208984
10231.161163711697
10228.459963811709
10228.13003869583
10228.705920193113
10224.450414771405
10224.121089655528
10224.15941022314
10224.488735339017
10224.488735339017
10223.91285384173
10221.21265394174
10221.54257905762
10221.54257905762
10221.873104173497
10221.54257905762
10221.504258490007
10221.834783605886
10217.580878184175
10217.00519668689
10217.33632180277
10217.00519668689
10217.00519668689
10216.674671571012
10213.975471671023
10214.305996786901
10214.305996786901
10214.63712190278
10214.675442470392
10214.675442470392
10214.675442470392
10215.251123967677
10215.827005464962
10215.78868489735
10215.827005464962
10215.78868489735
10215.827005464962
10215.78868489735
10215.212803400065
10214.881678284186
10214.551153168308
10214.551153168308
10214.551153168308
10214.551153168308
10214.551153168308
10215.127034665593
10214.551153168308
10214.514032600697
10215.089914097982
10217.789113997973
10213.536808576264
10209.286103154553
10211.986303054542
10211.986303054542
10207.737197632832
10208.313279130118
10207.737197632832
10207.161316135549
10207.19843670316
10207.19843670316
10207.774318200443
10205.074118300456
10205.074118300456
10205.404643416334
10205.735768532213
10205.774089099825
10205.735768532213
10205.774089099825
10206.105814215702
10203.40661431571
10203.73893943159
10203.778459999201
10203.819180566814
10204.3952620641
10204.354541496486
10200.107036074776
10200.067515507166
10202.766715407155
10200.067515507166
10199.49143400988
10199.53095457749
10199.53095457749
10199.49143400988
10195.24552858817
10195.207208020558
10195.170087452947
10195.503012568824
10195.467092001214
10195.503012568824
10195.467092001214
10194.891210503929
10194.856489936317
10194.822969368706
10195.156494484585
10192.458294584596
10191.882613087311
10191.916133654922
10191.950854222534
10191.375372725248
10191.411293292858
10191.411293292858
10188.714093392868
10188.380568276989
10188.344647709378
10187.769366212093
10187.769366212093
10187.194284714808
10187.194284714808
10182.949979293098
10182.949979293098
10182.949979293098
10178.707273871387
10174.466168449679
10174.799693565557
10175.374775062843
10174.799693565557
10174.799693565557
10174.799693565557
10174.799693565557
10172.103493665567
10167.863988243858
10167.863988243858
10167.53046312798
10163.292557706269
10163.867639203554
10164.44292070084
10163.867639203554
10163.292557706269
10163.292557706269
10163.292557706269
10163.292557706269
10162.717676208984
10162.753596776594
10162.753596776594
10160.058396876604
10160.022476308994
10160.022476308994
10155.786170887284
10155.822091454895
10155.489166339017
10155.489166339017
10155.489166339017
10155.489166339017
10151.254460917307
10151.587386033185
10151.624506600796
10152.199388098083
10152.199388098083
10152.774469595366
10152.774469595366
10152.441544479489
10148.208439057778
10148.541364173656
10144.309858751947
10144.643383867826
10144.681704435437
10144.681704435437
10144.721225003048
10144.38769988717
10144.38769988717
10144.38769988717
10141.69349998718
10141.69349998718
10141.118418489894
10138.425218589904
10138.385698022294
10138.960779519579
10138.960779519579
10139.536061016863
10139.575581584473
10135.345676162766
10135.679201278645
10136.013326394523
10135.973805826912
10133.28160592692
10129.053300505211
10129.0149799376
10124.78827451589
10125.122999631769
10124.78827451589
10124.751153948278
10120.526048526568
10116.302543104859
10115.968417988981
10116.543899486265
10116.507978918655
10112.286073496945
10111.952548381067
10109.261348481077
10109.226627913466
10109.560153029344
10109.894278145222
10109.894278145222
10109.928998712834
10109.928998712834
10109.594873596956
10105.374568175246
10105.410488742857
10102.720288842866
10098.501583421155
10098.168058305277
10098.168058305277
10098.168058305277
10098.168058305277
10093.950952883568
10093.950952883568
10093.61802776769
10096.308227667681
10092.09272224597
10092.05680167836
10092.09272224597
10091.76039713009
10089.070197230101
10089.645878727386
10089.645878727386
10092.336078627377
10088.122173205667
10088.454498321547
10087.87881682426
10088.454498321547
10084.242192899837
10081.551992999846
10078.862793099857
10076.174593199867
10076.174593199867
10076.507518315744
10072.296812894034
10071.963887778156
10071.963887778156
10072.001008345767
10072.039328913379
10072.372254029257
10072.948135526542
10072.948135526542
10068.73903010483
10069.07255522071
10069.406680336588
10069.446200904198
10069.11207578832
10069.11207578832
10069.688157285605
10070.264438782893
10066.056933361184
10066.097653928797
10066.097653928797
10066.139574496407
10065.563292999119
10065.897418114997
10065.855497547387
10065.279416050102
10065.279416050102
10065.855497547387
10065.897418114997
10065.897418114997
10065.897418114997
10065.897418114997
10066.473699612285
10063.786499712292
10063.744579144683
10063.410454028804
10062.83417253152
10062.258091034235
10058.052185612525
10058.094106180135
10053.889800758425
10053.889800758425
10053.889800758425
10053.31391926114
10053.27199869353
10053.31391926114
10052.980394145261
10052.980394145261
10048.777688723552
10048.444763607675
10048.444763607675
10048.402843040065
10048.978724537348
10048.978724537348
10048.978724537348
10049.554806034634
10049.554806034634
10049.596726602244
10045.395621180536
10045.728546296414
10045.686625728804
10046.020150844683
10045.686625728804
10045.686625728804
10045.686625728804
10045.353700612926
10044.77761911564
10044.77761911564
10044.81953968325
10045.152464799128
10045.485989915007
10045.485989915007
10045.52911048262
10045.57343105023
10045.57343105023
10045.52911048262
10042.842910582627
10040.157710682639
10044.358816104346
10041.674616204356
10037.473510782647
10038.049592279933
10033.850086858221
10033.850086858221
10031.166886958234
10030.833361842355
10028.151161942364
10028.484687058242
10027.908605560957
10025.227405660968
10022.547205760979
10023.123287258264
10023.699568755548
10023.74388932316
10023.74388932316
10021.064689423169
10020.488407925885
10020.444087358273
10020.400966790661
10020.359046223051
10020.400966790661
10020.400966790661
10020.359046223051
10017.68084632306
10017.68084632306
10015.00364642307
10010.80574100136
10006.60943557965
10006.033354082365
10006.033354082365
10006.033354082365
10005.992633514752
10008.669833414742
10008.336308298864
10007.76042680158
10007.76042680158
10008.336308298864
10008.912389796149
10004.71768437444
10005.293965871724
10005.293965871724
10004.961040755847
10004.961040755847
10005.293965871724
10002.616765971734
10002.657486539347
10002.657486539347
10002.657486539347
10002.699407106957
10002.657486539347
10002.616765971734
9998.423660550025
9994.232155128315
9996.909355028305
9994.232155128315
9994.232155128315
9994.192634560704
9994.232155128315
9994.232155128315
9993.65587363103
9989.46596820932
9989.7994933252
9989.7994933252
9987.12329342521
9987.12329342521
9987.699574922493
9988.27605641978
9988.23653585217
9988.570660968047
9988.570660968047
9988.23653585217
9988.813217349454
9989.39009884674
9989.05657373086
9988.479692233575
9984.291386811865
9980.104681390156
9980.438206506034
9981.01508800332
9980.438206506034
9980.438206506034
9980.438206506034
9980.438206506034
9977.763006606045
9977.186325108758
9976.85279999288
9974.17860009289
9973.845674977012
9973.8073544094
9971.134154509411
9971.134154509411
9971.710836006696
9975.897541428407
9971.710836006696
9971.378510890816
9971.046785774939
9971.046785774939
9971.378510890816
9968.706310990827
9968.129629493542
9968.461954609422
9965.790754709433
9965.829075277044
9966.162000392922
9965.829075277044
9961.643969855333
9961.311644739453
9958.641444839464
9958.309719723587
9958.309719723587
9955.640519823595
9955.640519823595
9956.217201320882
9958.886401220872
9963.071506642582
9963.071506642582
9963.03318607497
9962.99606550736
9962.960144939749
9962.960144939749
9962.960144939749
9958.77503951804
9954.59153409633
9954.62745466394
9954.62745466394
9955.204336161225
9955.536061277102
9955.536061277102
9952.866861377111
9948.684955955401
9949.017281071281
9948.684955955401
9948.684955955401
9949.017281071281
9948.440399573998
9948.404479006387
9947.8277975091
9950.49699740909
9946.316691987382
9946.352612554992
9946.352612554992
9946.352612554992
9946.316691987382
9948.98689188737
9948.410410390086
9948.375689822475
9948.708614938352
9948.675094370741
9946.00489447075
9945.671969354873
9945.339644238993
9945.671969354873
9945.705489922484
9943.036290022495
9943.036290022495
9943.036290022495
9943.036290022495
9943.369215138373
9942.792933641085
9943.126458756964
9942.792933641085
9942.460008525208
9942.49472909282
9941.918647595534
9942.251572711411
9942.2168521438
9939.548652243811
9936.881452343821
9936.881452343821
9936.916172911433
9936.952093479043
9936.989214046655
9936.952093479043
9934.285893579054
9934.249973011443
9934.249973011443
9934.249973011443
9934.249973011443
9934.826054508729
9934.791333941117
9934.791333941117
9938.971639362826
9939.305164478705
9939.305164478705
9935.124859056996
9935.091338489385
9937.757538389375
9937.725217821764
9938.059342937642
9938.059342937642
9937.483261440357
9937.483261440357
9937.817986556236
9937.850307123847
9937.274425626561
9936.939700510682
9932.760995088973
9932.794515656584
9932.460390540706
9928.283285118996
9928.283285118996
9928.318005686608
9924.142500264898
9923.566818767613
9924.142500264898
9924.142500264898
9924.718381762183
9922.052181862193
9922.628263359478
9922.593542791867
9922.593542791867
9922.593542791867
9922.017461294581
9919.35226139459
9919.018736278711
9914.844830857
9914.879551424612
9915.21307654049
9915.547201656369
9915.21307654049
9911.040771118784
9910.707246002905
9910.131364505618
9910.131364505618
9910.464889621497
9910.464889621497
9909.889208124212
9910.464889621497
9910.430169053885
9910.430169053885
9907.765969153896
9907.432444038017
9907.467164605629
9903.296459183919
9903.296459183919
9902.963534068042
9902.963534068042
9902.963534068042
9902.387852570757
9898.218747149047
9897.886422033167
9897.922342600777
9897.959463168389
9897.627738052512
9897.959463168389
9897.627738052512
9897.052256555227
9896.47697505794
9896.47697505794
9893.81377515795
9891.151575257962
9891.726856755246
9891.395731639366
9891.358611071755
9891.934092569041
9891.934092569041
9891.89817200143
9892.22929711731
9891.89817200143
9889.23697210144
9888.906446985562
9888.87172641795
9888.87172641795
9884.70422099624
9884.70422099624
9884.70422099624
9884.128739498956
9879.962834077245
9879.929313509634
9879.599388393755
9879.599388393755
9876.939188493765
9876.36390699648
9873.704707096489
9873.7382276641
9874.068152779979
9874.068152779979
9873.7382276641
9873.163146166815
9873.163146166815
9873.163146166815
9873.163146166815
9873.163146166815
9872.833821050937
9876.999726472648
9876.999726472648
9876.966205905037
9881.133711326747
9876.966205905037
9874.308006005047
9870.142100583336
9870.175621150947
9870.175621150947
9870.175621150947
9869.846896035067
9869.846896035067
9867.189696135078
9867.156175567467
9864.499975667477
9864.828700783357
9864.796380215746
9862.141180315757
9862.141180315757
9859.486980415768
9859.486980415768
9860.062061913053
9860.030941345442
9860.00102077783
9859.425939280545
9858.851057783259
9858.522332667379
9858.522332667379
9857.947651170094
9857.619526054217
9854.966326154228
9850.802020732519
9846.63931531081
9846.63931531081
9843.987115410817
9844.017035978428
9844.591717475714
9844.591717475714
9847.243917375705
9844.591717475714
9844.591717475714
9840.430612054004
9837.779412154014
9833.619906732303
9830.969706832315
9830.969706832315
9826.811801410604
9826.811801410604
9826.811801410604
9826.484276294725
9826.157351178847
9826.188471746458
9822.032166324749
9822.032166324749
9817.877460903039
9818.452342400326
9815.803142500334
9815.228261003049
9812.580061103059
9808.426955681349
9808.10063056547
9810.74883046546
9810.174148968175
9810.174148968175
9806.022643546466
9801.872738124757
9804.521938024745
9804.521938024745
9803.94745652746
9801.298256627471
9801.26713605986
9801.298256627471
9801.26713605986
9800.692854562572
9798.044654662584
9793.896349240875
9793.927469808486
9794.50175130577
9794.53407187338
9794.567592440992
9794.241867325114
9790.095161903404
9787.447962003416
9783.302856581706
9782.72857508442
9780.082375184431
9780.082375184431
9780.082375184431
9780.082375184431
9777.43717528444
9777.762900400317
9777.79762096793
9777.79762096793
9773.654115546218
9773.619394978607
9773.585874410996
9773.912199526874
9773.879878959264
9773.879878959264
9773.879878959264
9773.879878959264
9773.912199526874
9773.585874410996
9769.443968989288
9768.869887492003
9768.869887492003
9768.869887492003
9768.869887492003
9768.296005994716
9768.869887492003
9768.296005994716
9768.869887492003
9769.443968989288
9769.411648421677
9769.380527854066
9769.706852969945
9769.676932402333
9769.706852969945
9769.380527854066
9769.95480935135
9769.629084235472
9769.629084235472
9769.660204803084
9770.23468630037
9770.560411416247
9770.560411416247
9766.420105994537
9766.420105994537
9766.388985426926
9762.250280005215
9758.113174583506
9753.977669161797
9751.333469261806
9750.75898776452
9750.184706267237
9750.154785699626
9750.154785699626
9746.020880277916
9745.992159710304
9743.348959810313
9743.321439242703
9740.679239342713
9740.353514226836
9736.221208805126
9736.221208805126
9736.221208805126
9736.194888237515
9736.520613353392
9732.389907931682
9732.36478736407
9732.36478736407
9728.23568194236
9724.10817652065
9724.133297088263
9720.007391666553
9720.333716782432
9720.30859621482
9720.333716782432
9719.759635285145
9719.734514717533
9720.061439833411
9719.487558336128
9719.463637768516
9719.136712652638
9718.563031155352
9717.989549658067
9718.316474773945
9715.675274873956
9715.675274873956
9715.10199337667
9715.675274873956
9715.675274873956
9715.675274873956
9715.348349758078
9715.921831255362
9715.921831255362
9711.797525833652
9712.371207330938
9708.248501909227
9708.248501909227
9708.575427025105
9708.001745527821
9707.97902496021
9708.30655007609
9708.30655007609
9705.6663501761
9706.240031673384
9705.912506557504
9705.585581441626
9705.011899944342
9705.011899944342
9704.438418447056
9703.86513694977
9701.22593704978
9700.652855552495
9700.07997405521
9700.406899171088
9700.07997405521
9700.652855552495
9701.22593704978
9701.20441648217
9701.20441648217
9700.631334984884
9700.631334984884
9700.631334984884
9703.270534884874
9700.631334984884
9696.510229563175
9696.510229563175
9696.531750130785
9696.205425014907
9696.778506512192
9696.756985944581
9697.330267441868
9697.656592557747
9695.018392657757
9695.018392657757
9695.039913225368
9695.039913225368
9695.039913225368
9690.920407803658
9690.347126306371
9690.369846873982
9686.251941452272
9686.82522294956
9686.82522294956
9686.82522294956
9686.49889783368
9686.82522294956
9686.84914351717
9687.176068633049
9687.201189200661
9687.774670697947
9687.774670697947
9687.447745582069
9687.774670697947
9688.102195813826
9688.077075246214
9688.053154678602
9688.38127979448
9688.954961291764
9689.283686407643
9689.283686407643
9689.613011523521
9685.49670610181
9685.520626669422
9685.49670610181
9682.859506201821
9682.883426769433
9682.554101653555
9682.225376537675
9681.897251421799
9677.782546000088
9678.110671115965
9678.110671115965
9673.997565694257
9673.66944057838
9673.997565694257
9678.110671115965
9675.474471215975
9675.474471215975
9675.499591783588
9675.17146666771
9674.843941551831
9675.17146666771
9674.597785170427
9674.270260054547
9673.696778557261
9677.81148397897
9677.837804546582
9677.837804546582
9677.865325114191
9673.750619692482
9674.324101189768
9674.324101189768
9674.651626305647
9674.651626305647
9674.979751421524
9674.406269924239
9670.293164502527
9666.18165908082
9666.210379648432
9665.637098151145
9663.001898251156
9663.031818818767
9662.70369370289
9662.70369370289
9663.031818818767
9663.031818818767
9658.921913397056
9658.921913397056
9658.59378828118
9658.59378828118
9655.959588381189
9655.9907089488
9655.417627451516
9652.784427551527
9648.676122129817
9648.708442697427
9648.708442697427
9646.076242797437
9646.076242797437
9643.445042897447
9643.445042897447
9643.478563465058
9646.109763365048
9648.741963265038
9648.77668383265
9648.77668383265
9646.14448393266
9645.81695881678
9645.85287938439
9645.81695881678
9641.710253395071
9641.383328279193
9640.810446781907
9640.810446781907
9636.705341360197
9636.741261927807
9636.778382495419
9637.105307611297
9637.678189108583
9637.641068540972
9637.641068540972
9635.00986864098
9634.436987143696
9630.333481721987
9626.231576300277
9626.231576300277
9626.268696867888
9623.638496967897
9623.311571852018
9623.884453349305
9623.884453349305
9621.255253449313
9621.255253449313
9621.293574016925
9621.293574016925
9621.255253449313
9620.928928333435
9620.928928333435
9620.603203217557
9620.603203217557
9620.603203217557
9621.176284714842
9621.139164147231
9618.510964247242
9618.510964247242
9615.883764347253
9615.883764347253
9616.20948946313
9615.636407965845
9613.010208065854
9610.385008165864
9609.81212666858
9609.81212666858
9610.138451784458
9610.138451784458
9610.711333281743
9610.711333281743
9610.675412714132
9610.102531216848
9610.067810649236
9610.034290081625
9610.60717157891
9607.982971678919
9607.982971678919
9608.309896794797
9608.277576227187
9607.950651111309
9608.277576227187
9607.950651111309
9607.950651111309
9612.052556533019
9612.379481648897
9612.379481648897
9612.348361081285
9612.379481648897
9612.379481648897
9612.411802216508
9612.411802216508
9612.739327332387
9612.411802216508
9612.411802216508
9611.838920719223
9612.166445835102
9612.134125267492
9612.10300469988
9608.00109927817
9608.032219845782
9607.459538348496
9608.032219845782
9603.931914424073
9603.604389308193
9603.277464192315
9602.951139076436
9602.625413960559
9602.625413960559
9600.002214060569
9599.971093492957
9595.872388071246
9595.842467503635
9591.745362081927
9591.745362081927
9591.775282649538
9589.153082749548
9586.531882849558
9589.153082749548
9585.057577327838
9582.436377427848
9579.816177527859
9582.436377427848
9583.009258925133
9582.979338357522
9582.979338357522
9582.654213241642
9583.227294738927
9582.654213241642
9582.62549267403
9582.052611176745
9577.958705755034
9573.866400333325
9574.191525449205
9570.100820027496
9567.480620127506
9567.509340695118
9563.420235273408
9563.993116770695
9563.420235273408
9563.420235273408
9563.45015584102
9563.45015584102
9563.481276408631
9559.39377098692
9559.426091554531
9558.853410057247
9558.853410057247
9558.853410057247
9558.280928559961
9557.955803444082
9555.336603544092
9555.336603544092
9557.955803444082
9553.86989802237
9553.86989802237
9549.785592600661
9549.213311103376
9545.130605681665
9545.702887178952
9545.378362063075
9545.346041495464
9541.264936073756
9540.692654576469
9541.017179692346
9540.986059124734
9536.906553703026
9534.287353803034
9534.287353803034
9534.318474370646
9534.350794938257
9534.384315505868
9534.05979038999
9534.094510957602
9534.05979038999
9531.44159049
9531.408069922389
9531.375749354778
9531.375749354778
9531.375749354778
9531.375749354778
9531.408069922389
9531.408069922389
9531.408069922389
9531.44159049
9531.11766537412
9531.08414480651
9530.760819690631
9530.794340258242
9530.829060825854
9526.751155404145
9526.751155404145
9524.133955504156
9523.561874006871
9523.239148890993
9522.667267393706
9523.239148890993
9519.162843469283
9518.840718353405
9519.162843469283
9516.54664356929
9516.54664356929
9513.931443669302
9513.609318553425
9513.287793437545
9513.609318553425
9510.995118653433
9511.031039221043
9511.031039221043
9511.35316433692
9511.925245834207
9511.35316433692
9511.35316433692
9511.390284904532
9510.818403407247
9511.390284904532
9511.390284904532
9507.315579482822
9506.993454366944
9507.031774934556
9507.603856431842
9508.176137929127
9508.215658496738
9508.537783612615
9508.498263045005
9508.537783612615
9511.151983512606
9511.151983512606
9507.078878090897
9504.464678190905
9503.892396693622
9504.464678190905
9504.142553075028
9504.142553075028
9504.18327364264
9503.610992145357
9503.289467029477
9503.289467029477
9500.676267129485
9496.604761707777
9496.283836591898
9493.671636691908
9493.713557259518
9493.671636691908
9494.243918189193
9494.285838756803
9494.328959324415
9494.649884440294
9494.077602943009
9490.0076975213
9490.579979018585
9490.579979018585
9490.579979018585
9487.968779118593
9487.39649762131
9491.466403043018
9488.856203143028
9492.927708564737
9492.884587997125
9488.813082575416
9486.203882675427
9483.595682775436
9479.525777353727
9478.953695856442
9474.885390434732
9474.843469867123
9470.776764445412
9470.776764445412
9466.711659023702
9466.711659023702
9466.711659023702
9466.753579591312
9466.753579591312
9466.753579591312
9466.753579591312
9466.753579591312
9462.690074169603
9462.648153601993
9462.327228486114
9462.369149053724
9462.412269621336
9462.98435111862
9460.37715121863
9456.31524579692
9456.31524579692
9455.743164299636
9456.31524579692
9456.6361709128
9456.6361709128
9454.02997101281
9454.07429158042
9453.502210083136
9453.181284967257
9453.226805534869
9452.906480418991
9452.906480418991
9452.906480418991
9452.334598921707
9452.289078354095
9451.969353238217
9451.969353238217
9452.014873805829
9452.06159437344
9451.489912876154
9451.809637992032
9449.204438092042
9449.776119589327
9449.776119589327
9449.776119589327
9449.776119589327
9449.204438092042
9449.204438092042
9449.204438092042
9448.632956594756
9444.572651173046
9445.144132670332
9445.715814167617
9443.111614267627
9443.111614267627
9440.508414367636
9440.828739483513
9440.782018915903
9440.461693800025
9436.402988378317
9432.345882956608
9431.774201459322
9431.202719962037
9431.157199394425
9431.157199394425
9428.554999494434
9428.554999494434
9427.983717997151
9427.983717997151
9427.412636499865
9427.368315932254
9426.797434434968
9424.196234534977
9428.253339956687
9428.253339956687
9428.253339956687
9428.253339956687
9427.93361484081
9428.253339956687
9425.653140056698
9423.053940156708
9422.483258659422
9422.483258659422
9422.8035837753
9423.374265272585
9420.776065372595
9416.718959950886
9416.718959950886
9416.718959950886
9416.1482784536
9415.577796956315
9415.898722072194
9415.328440574907
9414.758359077623
9414.188477580337
9414.232798147948
9413.663116650665
9414.232798147948
9414.554323263828
9414.554323263828
9414.510002696217
9411.912802796229
9407.857297374518
9407.857297374518
9408.179422490395
9408.136301922783
9408.706183420069
9409.276264917353
9408.954139801475
9408.954139801475
9408.912219233865
9408.590694117986
9408.912219233865
9408.954139801475
9409.276264917353
9409.319385484965
9405.265480063257
9405.309800630868
9405.35532119848
9402.75912129849
9402.75912129849
9402.75912129849
9402.436996182612
9402.391475615
9398.33917019329
9398.33917019329
9398.33917019329
9395.743970293299
9395.743970293299
9396.066095409176
9396.636376906463
9396.636376906463
9396.681897474075
9392.631192052366
9388.582086630655
9385.987886730665
9385.665761614788
9385.712482182398
9383.119282282407
9383.441407398284
9383.764132514163
9383.441407398284
9383.489327965895
9383.167202850018
9383.167202850018
9383.737684347305
9383.416159231425
9382.845677734138
9382.275396236855
9381.705314739569
9381.38438962369
9381.38438962369
9381.705314739569
9381.38438962369
9381.38438962369
9381.38438962369
9381.954471120976
9381.38438962369
9381.064064507813
9378.471864607824
9378.471864607824
9378.792189723701
9379.362271220985
9379.314350653374
9379.314350653374
9379.314350653374
9375.266845231665
9371.220939809955
9370.900614694077
9370.900614694077
9370.948535261688
9370.9976558293
9368.40645592931
9368.40645592931
9368.40645592931
9368.40645592931
9367.836374432025
9365.246174532034
9365.81625602932
9363.22705612933
9362.656974632044
9362.656974632044
9362.087093134758
9362.037972567146
9361.468291069863
9361.517411637475
9357.473106215764
9354.884906315774
9355.205231431652
9352.618031531661
9353.187713028949
9353.238033596559
9352.917708480682
9352.969229048293
9348.926523626582
9348.87500305897
9348.305321561686
9348.305321561686
9348.356842129297
9348.305321561686
9348.625646677563
9348.625646677563
9348.305321561686
9348.255000994075
9348.205880426463
9348.255000994075
9348.205880426463
9348.775561923749
9348.775561923749
9348.45583680787
9349.025718305156
9348.977797737545
9348.931077169935
9348.885556602323
9348.885556602323
9348.931077169935
9346.344877269945
9346.299356702333
9346.344877269945
9346.91495876723
9344.32975886724
9340.288653445528
9340.335374013139
9339.765292515855
9337.181092615865
9337.75117411315
9337.704453545539
9337.658932977927
9337.658932977927
9337.658932977927
9337.978658093805
9338.024178661417
9338.070899229027
9338.070899229027
9338.070899229027
9337.75117411315
9335.16797421316
9335.16797421316
9335.215894780771
9335.53561989665
9334.965538399365
9334.965538399365
9332.383338499372
9332.063613383494
9331.744488267615
9329.163288367627
9329.163288367627
9329.163288367627
9326.583088467638
9327.153169964922
9327.105249397311
9327.105249397311
9326.535167900027
9327.105249397311
9327.153169964922
9327.202290532534
9324.623090632544
9324.304565516664
9324.623090632544
9324.623090632544
9324.673411200154
9320.633905778444
9320.583585210834
9316.545679789126
9313.967479889134
9316.545679789126
9312.509374367415
9312.509374367415
9309.931174467425
9307.353974567435
9303.319269145724
9303.319269145724
9303.319269145724
9302.74918764844
9302.700067080828
9302.130185583543
9302.130185583543
9302.449310699421
9303.019192196707
9303.019192196707
9303.338917312585
9303.90899880987
9303.589273693991
9303.54135312638
9304.111634623667
9304.111634623667
9303.792509507788
9303.745788940178
9303.745788940178
9303.175507442891
9300.599307542903
9300.280782427024
9300.327502994634
9300.897784491917
9300.897784491917
9298.322584591928
9298.370505159539
9298.940986656826
9294.907881235116
9294.907881235116
9295.4785627324
9295.79708784828
9296.116212964158
9295.79708784828
9296.116212964158
9296.16533353177
9293.59113363178
9293.020452134495
9288.988946712785
9288.988946712785
9288.939826145173
9288.620701029295
9288.05021953201
9288.369344647888
9287.799063150602
9287.848183718213
9287.799063150602
9287.848183718213
9285.274983818226
9285.225863250615
9285.796144747897
9285.225863250615
9285.274983818226
9285.84526531551
9288.4184652155
9288.46878578311
9288.46878578311
9288.788510898989
9286.215310998998
9285.89558588312
9281.86568046141
9277.837375039702
9277.837375039702
9278.407856536987
9278.407856536987
9278.978538034271
9279.030058601882
9279.030058601882
9279.030058601882
9278.978538034271
9279.030058601882
9278.459377104598
9277.888895607313
9281.91720102902
9281.86568046141
9279.293480561419
9276.72228066143
9276.403155545551
9275.832874048267
9275.832874048267
9275.884394615878
9275.884394615878
9275.832874048267
9275.262792550982
9275.832874048267
9276.151999164145
9276.101678596535
9275.782553480656
9275.212471983372
9275.212471983372
9274.642590486086
9274.692911053697
9274.642590486086
9274.642590486086
9274.961715601965
9270.933410180254
9268.363210280264
9268.682935396142
9269.252816893428
9269.203696325816
9269.252816893428
9269.573142009305
9265.546436587596
9265.226111471718
9265.176990904107
9265.176990904107
9264.857265788229
9264.53814067235
9265.108222169636
9265.108222169636
9262.539022269646
9262.491101702035
9262.491101702035
9262.491101702035
9262.491101702035
9259.922901802045
9259.604376686166
9259.604376686166
9259.922901802045
9260.493183299328
9259.922901802045
9260.242026917924
9257.674827017934
9253.649721596223
9253.649721596223
9253.603001028612
9253.557480461
9249.533975039292
9249.85370015517
9249.80937958756
9249.85370015517
9247.28750025518
9244.722300355188
9244.40257523931
9244.448095806922
9241.883895906933
9241.883895906933
9241.930616474543
9241.978537042154
9241.978537042154
9241.659411926275
9241.611491358664
9241.611491358664
9241.611491358664
9241.930616474543
9241.360534977259
9238.797335077268
9238.797335077268
9238.84525564488
9238.526130529
9237.956249031715
9237.956249031715
9233.934343610004
9233.983464177616
9233.983464177616
9234.033784745227
9231.471584845238
9230.90190334795
9226.881597926242
9224.320398026253
9220.301692604542
9219.732211107257
9219.732211107257
9219.413685991378
9219.413685991378
9219.732211107257
9219.732211107257
9217.172011207267
9216.853486091388
9216.803165523777
9216.4852404079
9216.4852404079
9217.054721905184
9217.054721905184
9217.054721905184
9217.372647021062
9219.932846921052
9219.614921805174
9219.297596689295
9215.280491267586
9215.280491267586
9215.280491267586
9214.963766151708
9210.94826073
9211.517942227285
9211.468821659673
9211.152696543795
9210.837171427916
9210.837171427916
9210.886291995528
9210.886291995528
9211.456173492812
9211.456173492812
9211.506494060422
9208.946294160434
9204.932388738724
9204.932388738724
9200.920083317014
9200.971603884625
9200.920083317014
9198.360883417025
9198.310562849414
9194.299857427704
9194.350177995315
9191.791978095325
9191.791978095325
9192.107503211204
9191.791978095325
9189.234778195334
9189.234778195334
9186.678578295345
9184.123378395354
9184.438903511233
9188.449608932942
9187.879727435658
9187.879727435658
9187.829406868048
9188.145531983926
9188.145531983926
9184.134826562215
9183.56514506493
9183.56514506493
9183.61546563254
9183.61546563254
9183.61546563254
9187.626171054251
9183.61546563254
9183.61546563254
9183.66698620015
9183.719706767763
9184.03643188364
9184.03643188364
9183.983711316028
9183.66698620015
9183.61546563254
9183.045984135255
9182.729859019377
9182.414333903498
9178.40522848179
9178.35490791418
9178.35490791418
9178.35490791418
9178.40522848179
9178.456749049401
9178.509469617013
9178.563390184623
9176.009190284632
9172.001684862924
9171.432403365638
9171.487523933249
9171.54384450086
9168.99064460087
9166.43844470088
9166.123519585
9166.123519585
9165.809194469122
9165.240112971838
9161.234207550127
9160.920482434249
9158.369282534259
9155.819082634269
9155.819082634269
9155.250201136983
9155.193880569372
9155.50760568525
9155.563926252862
9156.132807750148
9156.132807750148
9156.190328317758
9156.132807750148
9156.132807750148
9155.819082634269
9155.87660320188
9155.87660320188
9151.87229778017
9147.86959235846
9148.183317474339
9147.86959235846
9145.32039245847
9147.86959235846
9147.86959235846
9147.556467242583
9147.556467242583
9147.556467242583
9147.556467242583
9147.498946674972
9146.930065177687
9149.480265077676
9148.911583580391
9148.969104148002
9146.418904248012
9146.106379132134
9145.53789763485
9145.850422750727
9145.90914331834
9143.35994341835
9139.35883799664
9138.790556499354
9138.790556499354
9141.339756399344
9141.339756399344
9138.790556499354
9136.242356599365
9136.242356599365
9135.929831483487
9135.929831483487
9135.929831483487
9135.929831483487
9135.989752051097
9136.302277166975
9136.87055866426
9136.87055866426
9136.302277166975
9136.363397734587
9136.302277166975
9136.302277166975
9135.73419566969
9131.73469024798
9132.047815363858
9129.500615463867
9126.954415563876
9122.956510142169
9120.411310242178
9117.867110342188
9117.299228844902
9117.867110342188
9118.435191839473
9118.435191839473
9118.748916955352
9118.688996387742
9118.748916955352
9118.180835458066
9114.184530036357
9114.184530036357
9110.189824614647
9110.504149730525
9110.504149730525
9110.504149730525
9111.07223122781
9111.38715634369
9108.8439564437
9108.275874946414
9107.707993449128
9107.707993449128
9107.76911401674
9107.76911401674
9105.22691411675
9104.911989000871
9108.906694422581
9108.969014990193
9104.974309568483
9105.542191065768
9103.000991165778
9102.938670598167
9102.370789100882
9099.830589200892
9099.830589200892
9099.262907703607
9099.262907703607
9099.262907703607
9099.262907703607
9096.723707803616
9096.723707803616
9096.156226306332
9096.218546873943
9096.218546873943
9096.218546873943
9096.218546873943
9093.680346973953
9093.743867541563
9093.743867541563
9093.680346973953
9094.247828471238
9093.680346973953
9093.366021858075
9092.79874036079
9092.736419793178
9093.303701290464
9090.766501390473
9086.773395968765
9089.310595868754
9088.74331437147
9088.74331437147
9086.206114471479
9086.206114471479
9085.8923893556
9085.831268787988
9085.771348220378
9085.4582231045
9086.025504601786
9086.025504601786
9085.966784034174
9085.966784034174
9085.654258918295
9085.08697742101
9085.08697742101
9085.145697988622
9085.4582231045
9085.399502536888
9085.341981969277
9081.350476547566
9081.350476547566
9081.350476547566
9081.407997115177
9081.407997115177
9081.407997115177
9081.095471999299
9081.154192566912
9081.154192566912
9077.164287145202
9074.628087245213
9074.061005747928
9071.525805847938
9071.838330963816
9071.838330963816
9071.779610396203
9071.722089828592
9072.03521494447
9068.04690952276
9068.613991020045
9068.300865904168
9067.733784406882
9067.733784406882
9067.791304974493
9063.804599552783
9061.270399652793
9061.837481150078
9062.150606265956
9064.684806165946
9064.743526733559
9064.743526733559
9064.743526733559
9064.743526733559
9064.743526733559
9060.758421311848
9060.758421311848
9061.072146427727
9060.505064930443
9061.072146427727
9060.505064930443
9060.44634436283
9060.132619246951
9060.132619246951
9060.699700744235
9056.716195322528
9056.14911382524
9056.09159325763
9052.109687835922
9051.542806338637
9051.22968122276
9050.917156106882
9051.484037604167
9051.484037604167
9051.427717036555
9051.427717036555
9051.994798533839
9052.05111910145
9051.484037604167
9051.541558171777
9047.561252750065
9047.561252750065
9045.027052850077
9045.339577965955
9045.398298533568
9045.965380030853
9045.398298533568
9045.398298533568
9041.419593111857
9038.886393211867
9038.827672644255
9034.850567222546
9032.318367322556
9032.377087890169
9029.845887990177
9029.845887990177
9029.845887990177
9030.412969487463
9030.412969487463
9030.412969487463
9030.412969487463
9030.100444371585
9029.5333628743
9030.100444371585
9027.570244471595
9027.882769587473
9028.19589470335
9025.666694803362
9025.607974235749
9025.666694803362
9025.353569687484
9025.666694803362
9025.099613306074
9025.099613306074
9024.786488190197
9024.473963074319
9024.533883641929
9024.22195852605
9021.693758626061
9019.16655872607
9019.227679293683
9018.916354177803
9018.978674745415
9015.003169323705
9014.940848756094
9014.879728188482
9014.312846691197
9011.786646791206
9011.475921675328
9012.042803172613
9011.732678056735
9011.732678056735
9011.423152940857
9011.732678056735
9011.16579655945
9008.640596659461
9009.207478156746
9009.147557589136
9006.623357689146
9006.623357689146
9006.933482805025
9006.623357689146
9006.623357689146
9006.933482805025
9006.874762237412
9006.564637121533
9007.131718618819
9007.699000116105
9007.699000116105
9007.641479548494
9007.074198051208
9007.074198051208
9007.384323167087
9007.328002599475
9007.328002599475
9007.638727715354
9003.664822293644
9003.354097177766
9003.298976610155
9002.73189511287
9002.73189511287
9002.78701568048
9002.476890564601
8998.504585142891
8998.44946457528
8998.44946457528
8994.47875915357
8990.50965373186
8990.81977884774
8990.81977884774
8986.85227342603
8986.90739399364
8986.597268877762
8986.030387380477
8985.463705883192
8985.463705883192
8984.897224385906
8984.897224385906
8982.374024485916
8982.374024485916
8978.408119064206
8978.408119064206
8978.718244180085
8974.753938758375
8974.753938758375
8974.698818190764
8975.26529968805
8975.32042025566
8975.010295139782
8975.010295139782
8975.010295139782
8975.010295139782
8975.010295139782
8975.010295139782
8975.066615707394
8975.633297204678
8975.633297204678
8971.67059178297
8967.70948636126
8963.74998093955
8963.693660371939
8963.638539804328
8964.205421301613
8964.205421301613
8961.683221401623
8959.162021501632
8959.108100934021
8955.150195512311
8954.583314015026
8954.583314015026
8954.530593447415
8952.010393547425
8952.010393547425
8949.491193647435
8949.181668531557
8945.225363109848
8942.707163209858
8942.707163209858
8942.140481712573
8942.140481712573
8942.140481712573
8942.193202280185
8938.238496858474
8938.80517835576
8938.496253239882
8938.187928124004
8935.670728224013
8933.154528324023
8929.201422902313
8929.201422902313
8929.148702334702
8929.457027450579
8925.50552202887
8924.938840531588
8920.988935109875
8921.555616607162
8921.608337174774
8921.917262290652
8922.22678740653
8922.22678740653
8921.917262290652
8921.917262290652
8921.917262290652
8921.971182858262
8921.971182858262
8919.455982958272
8920.022864455557
8919.968943887947
8922.484143787937
8922.175218672059
8918.226913250346
8918.280833817957
8918.280833817957
8918.335954385568
8918.335954385568
8918.39227495318
8914.44556953147
8913.878688034185
8914.44556953147
8914.50309009908
8911.98789019909
8911.93036963148
8907.98526420977
8905.47106430978
8902.957864409791
8902.390982912506
8902.699908028386
8902.699908028386
8902.390982912506
8902.699908028386
8902.699908028386
8902.133226531101
8901.824301415223
8901.767980847611
8897.824475425901
8898.391156923184
8897.824475425901
8898.391156923184
8894.449251501477
8894.140926385599
8894.140926385599
8894.19724695321
8893.88952183733
8893.322840340044
8893.322840340044
8893.322840340044
8893.322840340044
8890.810640440055
8890.503515324177
8890.447194756565
8886.506889334854
8886.506889334854
8885.94040783757
8885.94040783757
8885.94040783757
8885.633882721691
8885.57876215408
8881.64005673237
8881.64005673237
8881.64005673237
8881.58613616476
8881.280211048883
8878.769011148892
8878.202729651608
8878.508654767485
8878.202729651608
8877.636648154323
8877.070766657038
8874.560566757047
8874.560566757047
8874.866491872925
8874.560566757047
8874.255241641167
8873.689560143883
8873.384835028006
8873.384835028006
8873.384835028006
8873.384835028006
8872.819353530718
8872.766632963107
8872.715112395495
8872.766632963107
8870.257433063118
8870.822914560402
8866.885809138694
8866.885809138694
8866.581684022814
8866.530163455203
8862.594658033495
8862.544337465884
8862.594658033495
8862.029176536209
8861.978855968599
8861.413574471313
8860.848492974028
8860.848492974028
8861.413574471313
8861.978855968599
8858.044950546888
8855.5367506469
8854.971469149614
8854.971469149614
8857.479669049602
8858.044950546888
8860.554150446878
8856.621845025167
8856.621845025167
8856.621845025167
8852.691139603457
8852.741460171068
8850.23226027108
8850.23226027108
8850.28378083869
8850.336501406302
8846.407395984592
8846.407395984592
8842.479890562883
8838.553985141172
8838.607905708783
8839.173387206069
8838.607905708783
8838.607905708783
8838.91203082466
8834.987725402952
8834.422443905667
8834.422443905667
8834.987725402952
8835.29245051883
8835.29245051883
8835.857932016115
8835.857932016115
8835.29245051883
8835.857932016115
8833.349732116125
8833.045007000248
8833.045007000248
8832.479525502964
8828.556820081252
8828.556820081252
8828.556820081252
8828.611940648863
8826.104740748875
8826.104740748875
8826.409465864752
8826.714790980632
8826.409465864752
8826.104740748875
8825.53945925159
8825.595779819201
8823.08957991921
8819.168474497501
8819.473199613378
8816.967999713388
8817.273324829268
8817.273324829268
8814.769124929278
8810.849619507568
8808.346419607578
8808.346419607578
8807.781338110293
8807.781338110293
8807.216456613007
8807.160136045395
8807.160136045395
8807.105015477784
8803.187110056075
8800.684910156086
8800.740030723697
8800.684910156086
8800.120228658801
8800.06630809119
8800.630989588475
8800.630989588475
8800.325664472595
8800.272943904984
8800.578269020863
8800.526748453252
8796.610443031543
8796.610443031543
8796.560122463932
8795.995440966648
8796.560122463932
8796.86604757981
8796.86604757981
8796.91636814742
8796.351686650136
8792.436981228426
8792.743506344304
8792.795026911916
8792.795026911916
8792.795026911916
8792.847747479527
8792.847747479527
8792.541222363649
8792.541222363649
8790.040022463658
8786.126917041947
8786.126917041947
8786.433442157826
8786.487362725436
8786.487362725436
8786.180837609558
8786.180837609558
8786.235958177169
8786.235958177169
8786.29227874478
8786.59880386066
8786.034322363375
8783.534122463385
8783.591643030995
8783.591643030995
8783.650363598608
8781.151163698618
8781.092443131005
8781.092443131005
8778.594243231015
8778.901368346893
8778.901368346893
8779.465849844179
8779.408329276568
8779.408329276568
8779.465849844179
8778.901368346893
8778.594243231015
8778.652963798628
8778.712884366238
8776.215684466248
8775.651402968962
8771.739897547252
8771.739897547252
8771.433372431373
8771.739897547252
8771.801018114864
8771.801018114864
8771.739897547252
8771.739897547252
8771.739897547252
8767.829992125544
8767.829992125544
8767.891112693156
8768.455394190441
8768.76251930632
8768.76251930632
8768.198237809034
8767.891112693156
8771.801018114864
8771.863338682475
8772.170463798353
8771.863338682475
8771.801018114864
8771.236936617579
8771.236936617579
8771.236936617579
8771.175816049967
8771.236936617579
8771.236936617579
8770.9304115017
8770.624486385823
8766.714580964113
8766.714580964113
8766.409255848233
8762.500950426524
8762.500950426524
8762.439829858911
8762.745154974791
8762.745154974791
8758.838449553083
8759.14437466896
8758.838449553083
8758.274568055796
8757.969242939917
8757.909322372307
8754.004216950598
8754.004216950598
8754.064137518208
8753.500456020922
8752.936974523636
8752.936974523636
8752.998095091249
8753.303420207129
8749.39991478542
8749.963396282705
8752.460596182695
8753.02427767998
8749.12237225827
8749.184692825882
8751.682892725872
8751.377567609992
8751.682892725872
8751.620572158261
8751.559451590649
8751.559451590649
8751.620572158261
8751.620572158261
8751.315247042381
8753.814446942371
8749.914141520661
8749.976462088272
8750.281787204152
8749.718105706866
8749.154624209581
8749.154624209581
8749.21814477719
8749.524069893068
8749.524069893068
8749.524069893068
8750.087551390354
8750.024030822744
8750.024030822744
8752.524230722735
8750.024030822744
8750.087551390354
8747.588351490363
8743.689646068655
8741.191446168663
8738.694246268673
8738.694246268673
8734.797140846964
8734.797140846964
8734.797140846964
8734.861861414576
8734.555936298699
8734.555936298699
8730.66043087699
8731.224112374275
8731.224112374275
8731.224112374275
8731.159391806663
8731.159391806663
8731.723273303947
8731.723273303947
8731.159391806663
8731.159391806663
8731.723273303947
8731.659752736337
8731.965677852215
8731.903357284604
8731.903357284604
8732.46743878189
8732.406318214278
8732.346397646668
8734.843597546658
8732.346397646668
8732.346397646668
8731.782316149382
8731.476391033504
8731.782316149382
8729.286116249392
8726.790916349402
8724.296716449413
8724.296716449413
8724.2379958818
8724.296716449413
8721.803516549422
8721.239635052138
8721.239635052138
8720.675953554852
8716.782048133142
8712.889742711433
8712.889742711433
8710.397542811443
8709.834061314157
8709.834061314157
8707.342861414169
8707.342861414169
8703.452155992458
8703.758681108337
8703.699960540724
8699.810855119014
8699.753334551404
8699.810855119014
8700.117980234892
8700.176700802505
8700.74018229979
8700.74018229979
8700.8001028674
8698.30990296741
8697.746421470125
8697.807542037737
8697.869862605348
8695.380662705358
8691.493157283649
8691.493157283649
8691.493157283649
8691.18603216777
8690.879507051892
8691.18603216777
8691.18603216777
8691.12371160016
8690.560430102874
8690.560430102874
8688.072230202884
8685.585030302895
8685.585030302895
8686.14831180018
8686.21063236779
8686.21063236779
8686.21063236779
8683.724432467801
8684.03155758368
8684.03155758368
8680.14565216197
8679.838527046091
8679.838527046091
8679.838527046091
8679.275245548806
8679.275245548806
8676.790045648815
8674.305845748826
8674.305845748826
8671.822645848837
8671.760325281226
8671.19724378394
8668.715043883949
8664.83073846224
8664.524213346362
8660.64150792465
8660.703828492262
8660.703828492262
8661.01035360814
8661.573435105425
8661.01035360814
8661.01035360814
8660.703828492262
8663.186028392252
8663.186028392252
8660.703828492262
8660.767349059872
8660.767349059872
8660.461423943994
8660.397903376384
8657.916703476394
8657.611378360514
8657.611378360514
8653.730272938805
8653.425547822928
8653.425547822928
8649.546042401216
8649.241917285339
8649.241917285339
8646.76171738535
8647.324798882635
8647.262478315024
8647.262478315024
8647.262478315024
8644.783278415034
8645.34655991232
8645.34655991232
8642.86836001233
8642.564834896451
8638.686929474741
8639.250410972027
8639.814092469313
8639.511167353434
8637.033967453444
8637.597848950729
8637.033967453444
8637.033967453444
8637.033967453444
8637.033967453444
8636.731642337565
8634.255442437574
8634.255442437574
8633.953717321696
8631.478517421707
8630.914835924421
8630.977156492032
8631.040677059642
8631.34240217552
8631.34240217552
8631.407122743132
8627.530817321423
8625.056617421433
8624.754892305555
8624.19141080827
8624.19141080827
8624.754892305555
8624.690171737942
8624.99189685382
8624.690171737942
8624.99189685382
8624.428415356535
8624.428415356535
8624.126690240657
8624.19141080827
8624.493135924147
8624.493135924147
8624.493135924147
8626.967335824138
8627.03325639175
8626.967335824138
8626.66561070826
8624.19141080827
8623.89028569239
8623.327004195105
8623.392924762717
8623.392924762717
8623.09239964684
8623.026479079228
8620.553279179238
8619.990197681953
8619.92547711434
8619.92547711434
8616.05077169263
8616.05077169263
8616.05077169263
8616.613853189914
8616.613853189914
8616.678573757526
8616.678573757526
8614.206373857538
8614.272294425149
8610.39918900344
8610.962470500725
8607.090965079014
8607.158085646626
8607.158085646626
8607.226406214237
8607.226406214237
8607.295926781848
8607.859408279135
8607.930128846747
8611.801634268455
8611.501709152577
8611.501709152577
8611.202384036698
8610.638902539413
8610.340177423534
8610.412097991144
8610.412097991144
8607.940898091154
8607.377616593869
8607.377616593869
8607.940898091154
8608.014018658765
8608.088339226377
8608.088339226377
8608.088339226377
8608.651820723662
8608.950545839542
8609.24987095542
8605.37836553371
8604.814884036427
8604.251602539141
8600.381697117431
8600.457217685042
8600.457217685042
8596.58891226333
8596.025830766046
8596.025830766046
8596.025830766046
8595.726505650167
8595.726505650167
8595.726505650167
8595.163624152883
8594.600942655597
8592.130742755608
8595.999048177317
8595.700323061437
8595.700323061437
8595.40219794556
8595.40219794556
8595.326677377949
8594.764195880663
8595.326677377949
8591.45837195624
8591.160846840361
8591.45837195624
8588.98917205625
8588.98917205625
8585.122466634539
8588.98917205625
8585.122466634539
8585.048146066927
8585.122466634539
8585.048146066927
8584.750620951048
8587.219820851038
8583.35471542933
8583.281594861719
8583.281594861719
8583.209674294108
8583.772355791394
8584.335237288678
8583.772355791394
8583.772355791394
8584.335237288678
8584.898318785965
8582.429118885973
8582.429118885973
8582.429118885973
8578.565613464265
8578.637534031875
8578.935059147754
8578.371977650468
8578.445098218079
8574.58319279637
8574.285667680491
8574.21254711288
8570.352241691171
8570.352241691171
8570.28032112356
8570.352241691171
8567.88404179118
8567.95716235879
8568.25468747467
8568.25468747467
8568.25468747467
8568.552812590548
8568.25468747467
8568.181566907058
8564.322861485349
8564.620986601227
8564.322861485349
8564.322861485349
8564.39598205296
8564.959063550246
8564.959063550246
8565.522345047531
8563.05514514754
8562.757620031662
8563.05514514754
8563.05514514754
8563.05514514754
8562.491863650255
8560.025663750266
8560.025663750266
8559.952543182655
8560.250668298533
8560.323788866144
8560.323788866144
8560.398109433756
8560.961390931041
8560.961390931041
8560.663265815163
8556.806160393453
8557.104285509331
8557.40301062521
8557.702335741089
8553.84683031938
8553.772509751769
8551.307309851778
8555.162815273487
8554.863490157608
8554.564765041729
8554.26663992585
8553.969114809972
8554.532596307257
8554.830121423136
8554.757000855525
8555.055125971403
8554.491644474117
8554.19351935824
8554.19351935824
8550.33801393653
8550.636139052409
8546.782233630698
8546.85535419831
8547.154079314188
8547.154079314188
8547.2283998818
8547.154079314188
8547.453404430067
8547.753329545945
8547.19004804866
8544.72584814867
8544.72584814867
8545.026373264547
8545.589654761832
8541.737349340125
8541.811669907736
8541.887190475347
8541.963911042958
8541.66338592708
8537.812680505369
8537.51275538949
8537.51275538949
8537.43603482188
8537.735959937758
8537.660439370147
8537.586118802536
8537.586118802536
8537.586118802536
8535.122918902547
8535.049798334936
8535.122918902547
8535.122918902547
8535.049798334936
8531.200692913226
8527.353187491517
8527.281266923907
8527.210546356295
8526.64726485901
8526.084183361723
8526.154903929335
8526.154903929335
8526.226824496945
8526.154903929335
8523.692704029345
8523.621983461733
8523.621983461733
8519.776078040024
8520.33915953731
8517.877959637319
8517.877959637319
8515.41775973733
8514.854678240044
8514.854678240044
8515.155203355922
8515.155203355922
8515.155203355922
8515.718284853207
8513.259084953217
8513.259084953217
8513.822366450502
8513.521841334625
8513.521841334625
8513.521841334625
8513.221916218747
8513.785397716032
8511.327197816043
8511.027872700164
8510.729147584285
8511.292829081569
8511.223308513958
8511.223308513958
8508.766108613967
8506.309908713978
8506.309908713978
8506.873790211263
8504.418590311274
8504.350269743663
8503.786388246377
8499.942082824668
8500.240807940547
8497.786608040557
8497.854928608167
8497.786608040557
8500.240807940547
8500.240807940547
8500.804689437833
8504.648994859543
8504.717315427153
8504.717315427153
8502.263115527163
8498.418810105453
8498.350489537843
8497.786608040557
8495.333408140566
8491.490702718856
8491.423582151245
8491.357661583634
8491.357661583634
8491.058936467754
8490.994215900142
8490.930695332532
8491.494576829818
8492.058658327103
8491.494576829818
8491.432256262207
8491.730981378087
8491.730981378087
8491.730981378087
8491.730981378087
8491.793301945698
8491.793301945698
8491.229420448411
8487.388315026703
8487.089589910824
8484.637390010834
8484.936115126713
8482.484915226723
8482.784240342602
8480.33404044261
8479.770358945325
8479.708038377714
8479.408713261835
8479.109988145956
8479.109988145956
8479.109988145956
8475.270482724247
8475.270482724247
8471.432577302538
8471.432577302538
8471.731302418417
8471.731302418417
8471.731302418417
8471.731302418417
8471.670181850805
8471.10670035352
8470.543418856236
8468.094218956245
8468.094218956245
8467.795493840365
8467.795493840365
8465.347293940376
8462.900094040388
8460.453894140397
8460.453894140397
8460.51501470801
8461.078296205294
8461.017175637682
8461.078296205294
8460.51501470801
8460.51501470801
8459.951933210723
8459.389051713439
8458.826370216153
8459.125095332032
8456.679895432042
8456.679895432042
8456.679895432042
8456.679895432042
8456.679895432042
8456.61877486443
8456.918099980308
8453.0817945586
8453.02187399099
8449.187168569282
8449.12844800167
8449.070927434059
8449.370852549937
8445.537747128226
8445.537747128226
8445.481426560615
8445.481426560615
8445.181501444737
8445.126380877125
8441.294875455418
8441.857556952702
8441.857556952702
8441.294875455418
8441.294875455418
8440.99555033954
8440.99555033954
8440.433068842252
8440.134343726373
8439.836218610495
8439.27393711321
8438.711855615926
8438.711855615926
8438.766976183537
8438.205094686251
8435.76089478626
8433.317694886271
8433.26257431866
8430.82037441867
8430.76645385106
8430.468928735181
8430.522849302792
8430.225924186914
8430.522849302792
8430.522849302792
8429.961167805506
8429.907247237896
8426.077341816188
8425.78041670031
8421.9521112786
8418.12540585689
8418.687087354176
8419.248968851462
8419.302889419072
8415.477783997363
8414.915902500077
8414.971023067688
8415.267948183566
8415.829829680852
8415.829829680852
8415.829829680852
8415.886150248463
8415.324268751177
8415.324268751177
8415.381789318788
8415.679314434667
8413.238114534677
8412.940589418798
8412.940589418798
8412.999309986411
8412.999309986411
8413.059230554021
8412.762305438144
8410.322105538155
8410.322105538155
8409.76042404087
8409.46409892499
8409.76042404087
8409.46409892499
8409.525219492602
8405.701714070894
8401.879808649184
8401.879808649184
8401.584083533307
8401.522962965695
8397.702657543985
8397.702657543985
8393.883952122276
8394.179677238153
8394.476002354033
8394.416081786423
8394.119756670543
8394.179677238153
8394.240797805765
8393.945072689889
8391.5058727899
8390.944391292613
8387.127285870905
8387.189606438516
8387.189606438516
8389.628806338507
8389.333681222628
8389.397201790238
8386.958001890247
8387.02272245786
8387.02272245786
8386.728197341981
8386.166915844695
8386.102195277083
8386.102195277083
8388.541395177073
8388.606115744686
8388.541395177073
8384.725889755364
8380.911984333654
8380.618059217775
8376.805753796067
8377.099678911945
8377.099678911945
8373.288973490238
8370.849773590247
8371.144298706125
8367.335193284416
8367.335193284416
8364.896993384426
8364.833472816816
8365.128597932695
8361.321092510985
8361.321092510985
8361.025967395106
8361.089487962716
8361.089487962716
8357.283582541007
8356.98905742513
8356.98905742513
8356.98905742513
8356.98905742513
8357.550338922414
8357.256413806535
8356.69513230925
8356.63161174164
8356.338286625762
8356.401807193371
8356.109082077493
8356.045561509884
8356.109082077493
8355.54800058021
8355.612721147822
8353.175521247831
8352.614639750547
8352.907364866425
8350.471164966435
8349.91048346915
8347.47528356916
8343.670978147451
8343.378253031573
8340.944053131581
8340.944053131581
8340.944053131581
8341.23677824746
8341.23677824746
8341.30269881507
8338.869498915083
8338.576773799205
8338.576773799205
8336.144573899213
8336.705255396499
8337.266136893784
8336.705255396499
8336.77237596411
8336.480250848232
8336.480250848232
8336.77237596411
8336.77237596411
8336.480250848232
8332.677545426523
8332.677545426523
8328.876440004813
8329.437321502097
8329.14579638622
8329.078675818608
8329.012755250997
8325.21324982929
8322.7820499293
8320.351850029308
8320.287129461696
8319.996204345818
8319.996204345818
8320.287129461696
8320.578654577574
8316.780749155865
8317.341830653151
8316.780749155865
8312.984443734156
8312.920923166546
8312.920923166546
8312.858602598935
8312.920923166546
8312.629398050669
8312.068516553385
8308.273811131674
8308.273811131674
8308.273811131674
8308.565336247551
8308.273811131674
8308.273811131674
8308.83469262896
8305.041587207252
8301.250081785543
8300.959156669665
8301.022677237275
8298.593477337285
8298.529956769675
8294.740051347966
8294.449726232087
8292.021526332097
8291.460644834811
8291.170919718932
8287.382614297223
8287.672339413102
8285.245139513112
8285.245139513112
8287.672339413102
8287.672339413102
8287.735859980712
8287.735859980712
8287.175178483427
8286.885453367548
8283.098747945838
8283.098747945838
8279.313642524132
8275.530137102422
8276.090818599707
8276.090818599707
8276.090818599707
8275.801693483829
8275.241011986544
8271.459106564833
8271.395585997223
8271.333265429612
8271.62239054549
8267.842085123782
8265.414885223792
8265.477205791403
8265.766930907283
8265.206449409998
8261.427743988288
8261.365423420677
8260.805141923393
8261.365423420677
8260.805141923393
8260.74402135578
8260.454296239901
8260.394375672291
8260.454296239901
8260.454296239901
8260.394375672291
8260.68410078817
8260.394375672291
8260.394375672291
8260.68410078817
8258.25790088818
8255.83270098819
8255.83270098819
8255.83270098819
8255.542975872311
8256.103257369596
8256.663738866882
8256.95346398276
8256.95346398276
8257.01338455037
8257.01338455037
8257.01338455037
8256.723659434492
8254.2994595345
8254.860141031786
8258.638846453496
8258.578925885886
8258.578925885886
8258.638846453496
8258.638846453496
8254.860141031786
8254.860141031786
8251.083035610078
8251.643917107363
8251.643917107363
8251.93364222324
8251.372760725957
8251.372760725957
8251.083035610078
8251.083035610078
8251.14415617769
8251.705037674976
8251.643917107363
8251.354791991485
8250.7939104942
8247.01840507249
8246.95848450488
8249.382684404869
8246.95848450488
8247.247609620757
8246.95848450488
8246.899763937266
8246.899763937266
8246.842243369656
8246.899763937266
8246.899763937266
8246.842243369656
8246.899763937266
8247.188889053145
8246.62820755586
8244.20500765587
8244.14748708826
8243.587005590975
8243.530685023363
8243.530685023363
8244.091166520648
8246.514366420637
8246.225241304759
8246.225241304759
8245.93671618888
8245.376234691596
8245.376234691596
8245.088309575718
8245.14463014333
8244.584348646044
8242.161148746054
8242.449073861932
8242.506594429542
8242.449073861932
8242.73759897781
8242.681278410199
8243.241559907485
8242.681278410199
8242.681278410199
8242.681278410199
8242.39275329432
8239.97055339433
8239.410471897045
8239.466792464656
8239.178867348779
8239.122546781167
8238.562665283882
8238.562665283882
8234.788759862175
8234.788759862175
8234.788759862175
8234.733639294564
8234.788759862175
8234.788759862175
8235.348641359458
8235.293520791847
8235.348641359458
8232.92744145947
8232.983762027081
8232.92744145947
8232.92744145947
8230.507241559479
8230.56356212709
8230.56356212709
8226.791256705383
8226.791256705383
8226.848777272993
8226.791256705383
8226.848777272993
8223.078071851283
8223.078071851283
8223.020551283673
8223.020551283673
8222.964230716061
8222.964230716061
8222.676905600181
8222.964230716061
8222.90911014845
8223.197035264327
8223.485560380206
8223.485560380206
8221.066360480216
8221.066360480216
8221.355485596094
8221.355485596094
8218.937285696105
8218.37740419882
8218.088279082942
8217.799753967063
8215.382554067073
8215.382554067073
8215.094628951196
8215.382554067073
8215.382554067073
8215.094628951196
8215.149749518807
8215.094628951196
8215.65451044848
8215.094628951196
8214.534947453909
8213.975465956624
8214.030586524235
8214.318511640113
8214.607036755991
8214.663357323603
8214.952482439481
8214.952482439481
8214.952482439481
8215.511963936768
8214.952482439481
8215.511963936768
8215.801689052645
8215.24220755536
8214.682926058074
8214.12384456079
8214.12384456079
8214.12384456079
8214.41416967667
8213.855288179384
8213.912808746994
8213.622483631116
8213.063802133829
8215.48100203382
8215.191276917942
8211.422171496231
8209.004971596241
8209.29469671212
8209.585021828
8209.643742395612
8209.643742395612
8207.227542495622
8206.669060998338
8206.669060998338
8202.90155557663
8203.192480692507
8203.484005808385
8203.484005808385
8203.543926375994
8203.836051491873
8203.277769994587
8203.3388905622
8203.277769994587
8203.3388905622
8203.897172059485
8203.897172059485
8200.131266637776
8200.423991753654
8200.423991753654
8198.008791853665
8197.947671286052
8198.008791853665
8197.947671286052
8197.947671286052
8197.389389788766
8194.975189888777
8195.533471386063
8199.29937680777
8195.533471386063
8195.533471386063
8194.975189888777
8194.417108391492
8196.831308291481
8196.538583175603
8192.774277753893
8192.774277753893
8192.482152638016
8192.774277753893
8189.011572332185
8189.072692899796
8189.072692899796
8189.072692899796
8188.780567783918
8188.780567783918
8188.222686286633
8185.808486386643
8182.047380964935
8181.986260397324
8179.573060497334
8179.5131399297225
8179.454419362111
8180.012300859396
8179.454419362111
8179.454419362111
8179.454419362111
8180.012300859396
8179.720775743518
8179.663255175907
8179.663255175907
8180.221336673192
8180.221336673192
8180.221336673192
8176.461831251484
8176.405510683873
8176.350390116262
8175.792308618977
8173.380108718987
8173.380108718987
8173.380108718987
8177.139614140695
8177.194734708306
8177.486259824184
8178.044341321469
8175.63314142148
8175.925266537358
8175.63314142148
8175.63314142148
8176.191422918765
8176.191422918765
8172.431917497057
8171.873635999771
8171.929956567382
8171.987477134993
8168.229571713284
8168.229571713284
8168.288292280895
8168.348212848507
8168.348212848507
8168.056687732628
8164.300382310918
8160.54567688921
8160.485756321598
8160.485756321598
8156.732650899891
8156.67393033228
8156.9654554481585
8156.407373950873
8156.466094518484
8156.466094518484
8156.466094518484
8156.526015086096
8156.2344899702175
8156.2344899702175
8156.2344899702175
8156.792571467503
8156.792571467503
8156.501646351624
8152.750140929913
8152.750140929913
8150.3399410299235
8147.930741129933
8147.372659632648
8143.622754210938
8143.683874778549
8139.9355693568405
8140.226494472719
8140.226494472719
8140.226494472719
8140.226494472719
8140.2888150403305
8140.2888150403305
8137.880615140341
8137.81829457273
8135.411094672741
8135.120169556862
8134.829844440983
8134.892165008594
8135.182490124473
8134.892165008594
8134.955685576206
8134.955685576206
8134.955685576206
8134.665960460327
8134.955685576206
8132.549485676215
8128.802780254507
8128.513055138628
8128.57777570624
8124.832670284531
8125.390751781816
8125.390751781816
8125.390751781816
8122.985551881826
8122.985551881826
8123.051472449437
8123.341197565315
8123.341197565315
8123.631522681194
8121.227322781204
8118.824122881214
8118.533797765335
8118.600918332946
8118.600918332946
8118.533797765335
8118.533797765335
8117.975716268051
8114.232210846341
8114.299331413952
8111.8971315139615
8108.155226092253
8108.155226092253
8107.597344594968
8107.039663097682
8107.107983665293
8107.1775042329045
8104.776304332915
8104.776304332915
8104.218822835629
8104.776304332915
8104.776304332915
8104.706783765304
8104.706783765304
8104.149302268018
8104.706783765304
8104.149302268018
8104.218822835629
8104.28954340324
8104.5798685191185
8104.28954340324
8104.28954340324
8104.28954340324
8100.549237981531
8100.549237981531
8098.149038081542
8097.859312965664
8097.859312965664
8098.416794462949
8096.017594562959
8095.728469447081
8095.728469447081
8095.728469447081
8099.468774868789
8098.911293371503
8098.911293371503
8098.983213939115
8099.540695436401
8098.983213939115
8099.272339054993
8099.562064170871
8097.163864270881
8097.163864270881
8097.163864270881
8097.163864270881
8097.721345768167
8093.981040346459
8093.981040346459
8093.423558849173
8092.866277351888
8089.127571930178
8089.2006924977895
8086.8034925978
8086.8034925978
8087.093817713679
8087.16813828129
8086.611056784005
8086.320731668126
8086.611056784005
8086.901981899884
8084.505781999895
8084.431461432283
8082.036261532292
8082.036261532292
8082.036261532292
8082.036261532292
8082.036261532292
8082.593343029577
8082.667663597189
8082.959188713067
8082.884868145456
8082.32778664817
8078.590681226461
8078.665001794073
8078.665001794073
8078.740522361683
8079.297603858969
8079.297603858969
8079.297603858969
8079.374324426581
8076.980124526591
8076.980124526591
8077.058045094202
8077.058045094202
8074.664845194212
8074.95697031009
8074.95697031009
8074.95697031009
8074.879049742479
8074.95697031009
8074.95697031009
8074.664845194212
8074.95697031009
8074.399888812804
8074.399888812804
8074.692613928683
8074.985939044562
8077.379138944551
8076.822257447266
8077.379138944551
8077.67306406043
8081.410169482139
8081.410169482139
8077.67306406043
8077.595143492819
8077.595143492819
8077.301218376941
8077.224497809329
8077.224497809329
8077.224497809329
8073.48899238762
8073.7829175034985
8070.04901208179
8069.4921305845055
8069.198205468627
8069.755086965912
8066.022781544202
8066.099502111814
8066.177422679425
8066.471347795304
8062.740642373594
8062.740642373594
8062.662721805983
8062.957246921861
8063.035167489472
8062.740642373594
8065.134842273585
8065.429367389463
8065.429367389463
8065.429367389463
8063.035167489472
8063.592248986757
8063.514328419146
8063.514328419146
8064.071609916432
8061.678410016441
8061.678410016441
8059.286210116452
8056.895010216462
8057.452491713747
8057.157966597869
8056.600485100584
8052.871379678875
8053.42886117616
8052.871379678875
8053.165904794753
8053.165904794753
8053.723386292038
8051.333186392049
8051.890867889334
8052.185993005212
8049.796793105223
8049.501667989344
8049.207142873466
8049.207142873466
8045.479637451758
8045.1857123358795
8045.26363290349
8045.26363290349
8045.26363290349
8042.875433003501
8042.954553571112
8042.875433003501
8039.1495275817915
8039.44345269767
8039.365532130059
8039.660057245937
8039.660057245937
8039.955182361816
8039.955182361816
8036.230876940106
8036.526602055985
8032.8038966342765
8032.7271760666645
8032.431450950786
8032.431450950786
8032.431450950786
8032.136325834907
8034.524525734897
8032.136325834907
8031.841800719029
8029.454600819039
8029.454600819039
8027.068400919049
8023.34729549734
8023.641820613218
8023.936945729097
8021.551745829107
8019.167545929117
8018.609864431832
8018.609864431832
8018.686584999444
8016.303385099453
8016.599110215332
8016.599110215332
8016.599110215332
8014.216910315343
8014.7745918126275
8014.7745918126275
8014.697871245015
8014.697871245015
8014.7745918126275
8014.7745918126275
8012.3933919126375
8012.3933919126375
8010.013192012648
8009.717466896769
8010.013192012648
8009.717466896769
8009.422341780891
8007.043141880901
8007.33826699678
8007.33826699678
8009.717466896769
8009.1597853994845
8008.602303902198
8008.602303902198
8004.882798480488
8004.960719048099
8002.58151914811
8002.58151914811
7998.8636137264
7998.568488610522
7998.568488610522
7994.852183188814
7994.294901691528
7994.00037657565
7994.00037657565
7993.922456008039
7993.845735440427
7990.13103001872
7987.7528301187285
7988.310111616014
7988.0161865001355
7987.722861384257
7984.009755962547
7984.009755962547
7984.009755962547
7983.717030846668
7983.641510279058
7983.934235394937
7983.934235394937
7983.641510279058
7983.084228781772
7979.372723360064
7979.665448475943
7979.740969043553
7979.665448475943
7979.591127908331
7980.148409405616
7980.148409405616
7980.148409405616
7980.075288838005
7980.075288838005
7980.075288838005
7979.51800734072
7979.446086773109
7978.889005275823
7978.596280159944
7978.596280159944
7978.596280159944
7978.668200727556
7978.11131923027
7977.554637732985
7977.262512617107
7976.706031119822
7976.414506003944
7976.342585436332
7976.414506003944
7976.342585436332
7976.899066933617
7976.970987501229
7976.414506003944
7976.706031119822
7977.262512617107
7974.885312717117
7974.958433284728
7975.515114782013
7975.807239897891
7973.431039997902
7973.357919430291
7972.801237933005
7969.091332511296
7968.799207395418
7965.090901973711
7965.164022541322
7965.164022541322
7965.164022541322
7965.7207040386065
7965.647583470995
7965.647583470995
7965.647583470995
7965.356058355117
7965.356058355117
7965.284137787506
7964.727456290221
7964.436531174342
7964.146206058464
7961.771006158473
7962.061331274352
7962.133251841963
7959.759051941973
7959.759051941973
7956.052346520263
7956.6090280175495
7956.899953133428
7956.899953133428
7954.526753233438
7954.526753233438
7955.083634730723
7951.378529309013
7951.378529309013
7951.378529309013
7951.378529309013
7951.378529309013
7951.451649876624
7951.160724760745
7948.788524860755
7948.2316433634705
7948.2316433634705
7948.788524860755
7945.085019439048
7945.085019439048
7945.1593400066595
7942.78814010667
7940.417940206679
7940.417940206679
7940.343619639068
7937.974419739078
7937.974419739078
7937.901299171467
7938.192224287346
7938.265344854957
7938.265344854957
7938.339665422569
7938.631190538447
7938.556869970836
7938.4837494032245
7936.1155495032335
7932.413644081525
7931.85676258424
7931.85676258424
7929.489562684251
7929.1980375683725
7929.271158135984
7929.271158135984
7928.980233020105
7928.980233020105
7929.271158135984
7928.980233020105
7928.9071124524935
7929.463993949778
7929.1736688339
7926.807468933909
7926.807468933909
7924.44226903392
7920.74196361221
7920.74196361221
7920.74196361221
7917.043258190501
7916.971337622889
7917.261662738768
7917.190942171157
7917.261662738768
7916.971337622889
7916.681612507011
7912.9845070853025
7913.056427652914
7913.056427652914
7913.056427652914
7913.056427652914
7913.129548220525
7912.840423104647
7912.840423104647
7912.283541607361
7912.283541607361
7912.21042103975
7912.138500472139
7912.6953819694245
7913.25246346671
7909.556958045002
7909.486237477391
7907.122037577401
7907.122037577401
7906.833512461522
7906.763991893911
7906.6956713263
7907.252952823585
7907.185832255974
7907.185832255974
7907.119911688363
7907.408436804241
7903.714531382531
7903.714531382531
7903.426006266653
7902.868724769367
7902.311643272082
7902.377563839693
7902.6660889555715
7902.6660889555715
7900.302889055583
7900.236968487972
7896.544663066263
7896.544663066263
7895.987781568977
7892.297076147269
7891.7403946499835
7891.675674082372
7887.986568660664
7887.698043544785
7888.25472504207
7890.617924942059
7890.906450057938
7890.906450057938
7890.971170625549
7891.528052122834
7891.463331555223
7887.775826133514
7890.140026033504
7890.429151149382
7890.429151149382
7886.743245727673
7887.300327224958
7887.300327224958
7887.365047792569
7887.4309683601805
7887.4309683601805
7887.4309683601805
7887.4309683601805
7887.4309683601805
7887.141843244302
7887.208963811913
7886.920438696035
7886.363357198749
7886.651882314628
7886.363357198749
7886.075432082871
7886.075432082871
7885.788106966993
7886.075432082871
7885.518550585586
7885.231225469708
7885.231225469708
7881.546920047998
7881.479799480388
7881.479799480388
7881.479799480388
7882.036680977673
7879.672481077682
7879.95980619356
7876.277100771852
7873.913900871864
7874.201825987742
7874.268946555353
7871.9067466553615
7871.9067466553615
7871.9067466553615
7871.349865158077
7871.349865158077
7867.668759736367
7863.989254314658
7863.989254314658
7863.70132919878
7863.144647701494
7862.588166204209
7862.588166204209
7862.876091320088
7862.808970752477
7862.808970752477
7863.365452249762
7863.365452249762
7859.687546828053
7859.976071943932
7859.976071943932
7859.687546828053
7859.621626260442
7859.065144763157
7859.000424195546
7855.324118773838
7855.612643889716
7855.612643889716
7855.549123322105
7851.874417900394
7851.874417900394
7855.549123322105
7855.549123322105
7855.612643889716
7855.612643889716
7851.937938468006
7851.874417900394
7849.513218000405
7849.450897432794
7848.894615935508
7848.894615935508
7848.956936503119
7848.668411387241
7848.731931954852
7848.731931954852
7848.668411387241
7846.30821148725
7846.245890919639
7846.534416035518
7846.534416035518
7846.4732954679075
7845.9172139706225
7845.361332473337
7845.361332473337
7845.301411905725
7845.301411905725
7845.012886789847
7844.457205292561
7842.098005392571
7839.739805492582
7837.382605592592
7837.442526160204
7833.769420738495
7833.769420738495
7833.769420738495
7831.4132208385045
7831.701745954383
7829.346546054393
7829.4076666220035
7829.346546054393
7829.4076666220035
7829.346546054393
7828.791064557108
7828.235783059823
7828.235783059823
7828.235783059823
7828.235783059823
7827.947257943944
7824.275752522236
7824.564277638115
7824.625398205725
7824.07031670844
7824.07031670844
7820.400411286731
7820.111886170852
7820.050765603241
7819.99084503563
7816.322539613921
7816.6110647298
7816.056183232514
7816.345308348392
7816.900189845678
7816.345308348392
7812.678602926683
7810.324403026692
7810.384323594304
7810.445444161915
7808.092244261925
7808.092244261925
7807.803119146047
7807.514594030168
7807.514594030168
7806.959912532883
7804.607712632894
7805.162394130179
7802.811194230188
7803.099719346067
7802.545037848781
7800.194837948792
7797.845638048801
7797.9079586164125
7801.574664038123
7799.2264641381325
7799.289984705744
7795.623279284036
7795.623279284036
7795.623279284036
7795.06879778675
7792.72159788676
7792.658077319148
7792.595756751537
7792.307231635658
7792.307231635658
7792.307231635658
7792.01930651978
7789.67310661979
7790.227588117075
7790.227588117075
7790.166467549465
7790.454392665343
7786.789287243635
7786.789287243635
7786.8504078112455
7786.912728378857
7783.249222957148
7783.537748073027
7782.983266575741
7782.92094600813
7782.85982544052
7782.92094600813
7779.25904058642
7779.25904058642
7778.704759089135
7778.767079656746
7782.428985078456
7778.767079656746
7778.704759089135
7778.767079656746
7778.478554540868
7780.824754440858
7780.536829324979
7780.536829324979
7780.824754440858
7777.1644490191475
7776.610367521863
7772.951662100154
7772.397780602869
7772.4613011704805
7772.173376054602
7772.173376054602
7768.516270632894
7770.863470532884
7770.799949965272
7770.799949965272
7767.144444543563
7763.4905391218535
7764.044420619139
7763.982100051528
7766.330299951517
7766.330299951517
7766.269179383907
7765.981854268029
7766.535935765314
7764.187735865324
7764.187735865324
7764.248856432934
7764.311177000545
7764.598502116423
7760.946196694715
7760.946196694715
7760.946196694715
7757.295491273007
7754.948291373017
7754.948291373017
7754.948291373017
7754.394209875732
7750.745104454022
7751.0330295699005
7750.970709002289
7750.682783886411
7750.682783886411
7750.682783886411
7750.682783886411
7750.682783886411
7750.128902389126
7750.128902389126
7750.067781821515
7747.721581921525
7750.067781821515
7750.007861253904
7750.007861253904
7750.007861253904
7747.661661353914
7748.2155428512
7748.2155428512
7745.87034295121
7745.583017835332
7741.935512413622
7739.591312513631
7739.651233081243
7739.651233081243
7740.2053145785285
7740.2053145785285
7739.651233081243
7739.364507965364
7739.078382849486
7739.018462281874
7736.675262381884
7736.675262381884
7737.2293438791685
7737.28926444678
7737.28926444678
7733.643359025072
7731.301159125082
7727.656853703375
7728.2111352006605
7728.151214633049
7724.508509211339
7724.794634327217
7721.153528905507
7718.812329005517
7718.753608437906
7718.812329005517
7718.526203889639
7718.526203889639
7718.812329005517
7716.472129105527
7716.186003989648
7716.740485486934
7714.401285586944
7714.115760471065
7711.777560571075
7711.223079073791
7713.561278973782
7713.621199541393
7713.682320109004
7713.744640676615
7713.744640676615
7713.744640676615
7713.744640676615
7713.682320109004
7713.744640676615
7713.682320109004
7713.744640676615
7710.105135254907
7706.467229833198
7706.752754949076
7706.752754949076
7706.816275516688
7706.261994019403
7706.326714587014
7706.392635154625
7706.392635154625
7706.392635154625
7706.392635154625
7706.392635154625
7706.107110038747
7705.8221849228685
7705.889305490479
7702.253000068769
7702.1858795011585
7701.631798003873
7702.1858795011585
7702.7401609984445
7702.455835882566
7702.455835882566
7702.455835882566
7702.455835882566
7702.455835882566
7702.389915314955
7698.755209893246
7698.755209893246
7702.389915314955
7702.389915314955
7698.755209893246
7696.417009993255
7696.352289425644
7698.690489325634
7698.755209893246
7699.039535009124
7702.674240430833
7702.389915314955
7700.051715414965
7700.606196912249
7696.97149149054
7696.687766374661
7696.404641258782
7696.959322756067
7694.622122856078
7694.622122856078
7695.177004353363
7695.177004353363
7694.894479237485
7692.558279337495
7692.493558769884
7692.430038202272
7688.796932780564
7688.796932780564
7688.796932780564
7688.796932780564
7688.796932780564
7686.461732880574
7686.744257996453
7684.410058096463
7684.410058096463
7683.855176599177
7683.792856031566
7683.731735463955
7684.014860579834
7684.56974207712
7680.938236655412
7680.999357223022
7680.938236655412
7680.655111539533
7680.5951909719215
7682.929390871911
7683.484472369196
7679.854566947487
7679.795846379876
7679.854566947487
7679.854566947487
7679.572041831609
7679.63196239922
7679.63196239922
7680.187243896506
7679.63196239922
7677.29776249923
7677.853043996515
7675.519844096525
7675.459923528913
7675.401202961302
7675.459923528913
7675.459923528913
7675.401202961302
7675.459923528913
7673.127723628923
7672.572442131638
7672.63236269925
7672.63236269925
7669.00405727754
7669.559338774825
7669.559338774825
7669.620459342435
7669.6827799100465
7667.351580010056
7667.351580010056
7667.351580010056
7667.289259442445
7667.351580010056
7667.4151005776675
7667.1331754617895
7667.1331754617895
7667.1331754617895
7664.802975561801
7664.802975561801
7664.739454994189
7662.410255094199
7662.12892997832
7662.192450545932
7662.747932043217
7662.684411475605
7662.684411475605
7662.622090907994
7662.3413657921155
7662.622090907994
7662.066609410709
7662.066609410709
7662.005488843099
7662.286813958977
7662.286813958977
7662.226893391366
7662.226893391366
7662.508818507244
7658.882113085536
7658.9420336531475
7658.9420336531475
7658.9420336531475
7658.6601085372695
7655.035003115561
7654.479721618276
7654.479721618276
7650.856216196566
7650.856216196566
7651.138141312444
7651.138141312444
7650.856216196566
7650.856216196566
7647.234310774857
7644.9061108748665
7644.967231442477
7644.9061108748665
7644.967231442477
7644.967231442477
7644.412149945192
7644.412149945192
7644.412149945192
7644.412149945192
7644.412149945192
7644.474470512803
7644.412149945192
7644.1308248293135
7644.069704261703
7643.788979145825
7643.788979145825
7641.461779245835
7637.841473824125
7634.222768402417
7634.283888970028
7634.00376385415
7633.942643286539
7634.497724783824
7633.942643286539
7633.663118170661
7635.990318070651
7635.435436573365
7635.435436573365
7633.108236673375
7633.169357240986
7633.724238738271
7633.786559305882
7633.507634190004
7633.507634190004
7633.571154757616
7633.01627326033
7632.952752692719
7630.626552792729
7630.690073360341
7630.411748244462
7630.476468812073
7630.542389379684
7630.476468812073
7630.411748244462
7630.134023128584
7632.460223028574
7633.015104525859
7632.951583958247
7632.951583958247
7632.889263390636
7632.612138274758
7632.0572567774725
7631.780731661594
7628.163626239884
7628.163626239884
7628.163626239884
7628.440151355763
7628.163626239884
7624.5481208181745
7623.99343932089
7621.6672394209
7621.606118853289
7619.280918953299
7619.220998385687
7619.497523501566
7619.497523501566
7619.438802933955
7619.497523501566
7620.052204998851
7619.99348443124
7619.935963863629
7619.65943874775
7619.935963863629
7619.381282366344
7619.658407482222
7619.602086914611
7619.324961798733
7619.324961798733
7619.324961798733
7615.711056377025
7615.434531261146
7615.434531261146
7615.379410693535
7615.379410693535
7615.379410693535
7613.055210793545
7613.055210793545
7609.442905371836
7609.3889848042245
7609.94366630151
7609.667741185632
7609.667741185632
7609.392416069753
7607.0692161697625
7607.016495602151
7607.016495602151
7604.694295702161
7604.969620818039
7602.64842091805
7602.7011414856615
7600.380941585671
7598.061741685681
7595.743541785691
7596.298423282978
7596.574348398856
7596.01946690157
7595.966746333958
7595.412064836673
7593.094864936683
7593.094864936683
7589.484159514973
7589.484159514973
7587.167959614983
7587.116439047372
7586.561957550088
7586.561957550088
7586.007676052802
7586.007676052802
7585.731750936923
7583.416551036934
7579.807445615224
7577.4932457152345
7577.544766282846
7577.544766282846
7575.231566382855
7575.231566382855
7575.284286950467
7572.972087050478
7572.418005553192
7572.142680437314
7572.142680437314
7572.142680437314
7569.831480537324
7567.521280637335
7563.913775215626
7563.967695783237
7561.658495883247
7561.933820999126
7561.3799395018395
7560.826258004556
7560.826258004556
7557.220352582847
7554.912152682857
7554.858232115245
7554.30475061796
7554.580675733839
7554.857200849718
7554.857200849718
7554.580675733839
7552.273475833848
7548.669170412139
7548.669170412139
7548.9456955280175
7546.639495628027
7546.0862141307425
7546.363339246621
7546.641064362499
7546.641064362499
7543.038358940788
7543.038358940788
7542.485277443504
7542.763602559383
7542.210721062097
7539.905521162108
7539.905521162108
7539.905521162108
7539.959441729719
7539.406760232434
7539.406760232434
7537.102560332443
7537.381485448322
7537.934166945607
7538.487048442893
7538.487048442893
7534.885943021184
7534.941063588795
7532.637863688806
7532.084982191521
7528.485476769812
7529.0383582670975
7529.094678834708
7529.0383582670975
7525.440452845388
7525.496773412999
7525.776298528877
7523.474098628887
7523.5316191964985
7522.978737699213
7520.6775377992235
7520.124856301938
7520.6775377992235
7520.736258366835
7520.796178934446
7520.796178934446
7520.796178934446
7520.796178934446
7520.243497437161
7520.243497437161
7520.523622553039
7520.523622553039
7522.824822453028
7522.54469733715
7521.992215839865
7521.992215839865
7519.691015939876
7516.094710518167
7516.647192015452
7516.647192015452
7516.094710518167
7516.155831085777
7516.155831085777
7516.218151653388
7516.281672221
7516.561797336878
7516.626517904489
7516.626517904489
7516.626517904489
7516.626517904489
7516.692438472101
7517.244919969386
7517.312040536996
7517.244919969386
7517.244919969386
7517.312040536996
7519.6132404369855
7519.3331153211075
7519.3331153211075
7519.3331153211075
